.MODEL SMALL
.STACK 100H
.DATA

titulo  db "    _____                          _     _       " ;texto do titulo na tela de menu
        db "   / ____|                        | |   | |      "
        db "  | (___   ___ _ __ __ _ _ __ ___ | |__ | | ___  "
        db "   \___ \ / __| '__/ _` | '_ ` _ \| '_ \| |/ _ \ "
        db "   ____) | (__| | | (_| | | | | | | |_) | |  __/ "
        db "  |_____/ \___|_|  \__,_|_| |_| |_|_.__/|_|\___| "

        
jogar db "                ┌───────────┐              " ;opcoes de jogo
      db "                │   JOGAR   │              "
      db "                └───────────┘              "
      

sair db "                  ┌────────┐                " ;opcoes de jogo
     db "                  │  SAIR  │                "
     db "                  └────────┘                "


mensagem_derrota db "   ___   _   __  __ ___    _____   _____ ___  "   
                 db "  / __| /_\ |  \/  | __|  / _ \ \ / / __| _ \ "
                 db " | (_ |/ _ \| |\/| | _|  | (_) \ V /| _||   / "
                 db "  \___/_/ \_\_|  |_|___|  \___/ \_/ |___|_|_\ "
                 
mensagem_vitoria db " __   _____ _  _  ___ ___ ___   ___  ___ _ "
                 db " \ \ / / __| \| |/ __| __|   \ / _ \| _ \ |"   
                 db "  \ V /| _|| .` | (__| _|| |) | (_) |   /_|"
                 db "   \_/ |___|_|\_|\___|___|___/ \___/|_|_(_)"                                
        
;sistema
selected_option db 0 ;opcao selecionada no menu

tela_atual db 0 ;tela atual (menu ou jogo)

;jogo
nave        db 1,1,1,1,1,0,0,0,0,0,0,0,0,0,0,0,0,0,0,0,0,0,0,0,0,0,0,0,0
            db 0,1,1,1,1,1,0,0,0,0,0,4,4,4,4,4,4,0,14,14,14,0,0,0,0,0,0,0,0
            db 0,0,1,1,1,1,1,0,0,4,4,4,4,4,4,4,4,0,14,14,14,14,14,0,0,0,0,0,0
            db 0,0,0,1,1,1,1,4,4,4,4,4,4,4,4,4,4,0,14,14,0,0,14,14,14,0,0,0,0
            db 0,0,0,0,4,4,4,4,4,4,4,4,4,4,4,4,4,0,14,14,0,0,14,14,14,14,0,0,0
            db 0,0,0,4,4,4,4,4,4,4,4,4,4,4,4,4,4,4,0,14,0,14,14,14,0,14,0,0,0
            db 14,14,14,14,14,14,4,4,4,4,4,4,4,4,4,4,4,4,0,0,0,0,0,0,0,0,0,0,0
            db 0,0,0,4,4,4,4,4,4,4,4,4,4,4,4,4,4,4,4,4,4,4,4,4,4,4,4,4,0
            db 0,0,0,0,4,4,4,4,4,4,4,4,4,4,4,4,4,4,4,4,4,4,4,4,4,0,0,0,0
            db 0,0,0,1,1,1,1,4,4,4,4,4,4,4,4,4,4,4,4,4,4,4,4,4,0,0,0,0,0
            db 0,0,1,1,1,1,1,0,0,4,4,4,4,4,4,4,4,4,4,4,4,4,0,0,0,0,0,0,0
            db 0,1,1,1,1,1,0,0,0,0,0,4,4,4,4,4,4,4,4,4,4,0,0,0,0,0,0,0,0
            db 1,1,1,1,1,0,0,0,0,0,0,0,0,0,0,0,0,0,0,0,0,0,0,0,0,0,0,0,0
    
meteoro     db 0,0,0,0,0,0,0,0,0,0,5,5,5,5,5,5,5,5,5,0,0,0,0,0,0,0,0,0,0
            db 0,0,0,0,0,0,0,0,0,0,5,5,5,5,12,12,5,5,5,5,0,0,0,0,0,0,0,0,0 
            db 0,0,0,0,0,0,0,5,5,5,5,12,12,12,12,5,5,5,5,5,5,0,12,12,5,5,0,0,0
            db 0,0,0,0,0,0,0,5,5,5,5,12,12,12,12,5,5,5,5,5,5,0,0,0,0,0,0,0,0
            db 0,0,0,0,0,0,5,12,12,5,12,12,12,5,12,12,5,5,5,0,0,0,0,0,12,12,5,5,0 
            db 0,0,0,0,0,5,12,12,5,12,12,5,12,12,5,5,5,12,12,5,5,0,0,0,0,0,0,0,0 
            db 0,0,0,0,5,12,12,5,12,12,5,5,5,5,5,5,12,12,12,5,12,0,0,12,12,5,5,0,0 
            db 0,0,0,0,0,5,12,5,5,12,5,12,12,12,12,5,5,5,5,5,5,5,0,0,0,0,0,0,0
            db 0,0,0,0,0,0,5,12,12,5,12,12,12,12,12,12,5,5,5,5,0,12,12,5,5,0,0,0,0
            db 0,0,0,0,0,0,0,0,5,12,12,5,12,12,5,5,5,5,5,5,5,0,0,0,0,0,0,0,0 
            db 0,0,0,0,0,0,0,0,5,12,12,5,12,12,5,5,5,5,5,5,5,0,0,0,0,0,0
            db 0,0,0,0,0,0,0,0,0,0,0,0,5,12,12,5,12,12,5,5,5,5,5,0,0,12,12,5,5,0
            db 0,0,0,0,0,0,0,0,0,0,0,5,5,5,5,5,5,5,5,5,5,0,0,0,0,0,0,0,0

nave_ini    db 0,0,0,0,0,2,2,2,2,2,2,2,10,10,14,14,14,14,14,14,14,0,0,0,0,0,0,0,0,  
            db 0,0,0,0,0,2,2,2,2,2,2,2,10,10,14,14,14,14,14,14,14,0,0,0,0,0,0,0,0,  
            db 0,0,0,2,2,2,2,2,10,10,14,14,14,14,14,14,14,14,14,14,14,14,14,0,0,0,0,0,0,  
            db 0,0,0,2,2,2,2,2,10,10,14,14,14,14,14,14,14,14,14,14,14,14,14,0,0,0,0,0,0,   
            db 0,0,0,2,2,5,5,5,13,13,14,14,5,5,5,13,13,14,14,5,5,5,13,13,14,0,0,0,0,   
            db 0,0,2,2,2,5,5,5,13,13,14,14,5,5,5,13,13,14,14,5,5,5,13,13,14,14,14,0,0,   
            db 0,0,2,2,2,5,5,5,13,13,14,14,5,5,5,13,13,14,14,5,5,5,13,13,14,14,14,0,0,  
            db 2,2,2,2,2,2,2,2,2,2,2,2,10,10,14,14,14,14,14,14,14,14,14,14,14,14,14,14,14,   
            db 2,2,2,2,2,2,2,2,2,2,2,2,10,10,14,14,14,14,14,14,14,14,14,14,14,14,14,14,14,    
            db 0,0,0,5,5,5,13,2,2,2,2,10,14,14,14,5,5,13,14,14,14,14,14,0,0,0,0,0,0,   
            db 0,0,0,5,5,5,13,2,2,2,2,10,14,14,14,5,5,13,14,14,14,14,14,0,0,0,0,0,0,  
            db 0,0,0,0,0,0,2,2,2,2,2,2,10,10,14,14,14,14,14,0,0,0,0,0,0,0,0,0,0,  
            db 0,0,0,0,0,0,2,2,2,2,2,2,10,10,14,14,14,14,14,0,0,0,0,0,0,0,0,0,0, 

nave_menu   db 9,9,9,0,0,4,4,4,4,4,0,14,14,14,14,14,0,0,0
            db 0,9,9,4,4,4,4,4,4,4,4,0,14,14,0,0,14,0,0
            db 0,4,4,4,4,4,4,4,4,4,4,4,0,14,0,14,14,14,0
            db 14,14,14,4,4,4,4,4,4,4,4,4,4,0,0,0,0,0,0
            db 0,4,4,4,4,4,4,4,4,4,4,4,4,4,4,4,4,4,4
            db 0,9,9,4,4,4,4,4,4,4,4,4,4,4,4,4,4,4,0
            db 9,9,9,4,4,4,4,4,4,4,4,4,4,4,4,4,0,0,0

